nTasks=100;
nCPUs=20;
rt=[668.8746472260948 839.991229369453 809.5137518336281 397.1350565980242 820.8359254194909 506.67768161884203 555.338087322712 917.5107333794023 816.144505355963 321.05557710159087 767.7083416408293 878.0223290423985 718.4024944981651 623.2163901776584 365.2983823291071 595.9841008141958 364.05450347234796 781.7138662929416 406.28117992767307 525.6846161733758 546.4342822600053 771.8687152374271 385.08511170782464 703.2271182356367 563.6669013762992 660.3571777669653 492.85244731323246 640.1291011854265 714.3860705453209 523.7894392813682 689.7888971868958 474.6791491519855 920.6096273100935 845.161240081246 434.24491600817964 371.33689859875346 951.8976698322473 545.3989762808772 616.4618744505742 939.7543393934561 446.03379309044266 336.2066334372695 631.8548322804605 372.4246438713117 459.15575084701345 789.9648260490239 616.3879158225975 685.211715575798 459.01981662833293 752.693390233424 576.2640045176176 908.9981701429657 686.5536766824939 382.5571652378961 909.8286061691493 974.6820928358686 986.3488922769722 356.76244114315995 894.124002050409 421.9169136322974 633.2837642547058 574.2654883568298 978.9767149740039 308.9480961401238 851.9327554756809 893.6194630718496 928.5826188385341 438.7812539317218 827.4776734815119 621.6500690703494 942.6887688968573 500.3046966768111 513.5832779128385 468.75654281577613 600.9314597473349 482.56553418779094 893.6053898726273 667.9700201154344 798.2074181679168 611.3906108962185 854.0510285979202 328.5362645703039 310.8572390129166 619.5051852762405 746.6347246039475 885.8298617322769 386.50858008570896 896.5551541294636 326.854585668679 672.9052421929564 377.10602556254673 400.5234188842102 850.778497216737 950.9683046442592 604.4597544040055 656.7911639276934 549.4675438794316 932.3324024338651 666.7233150061702 445.0862636164934];
rc=[8353.891530548146 9050.590371370095 8207.034032989539 9925.097261584076 9160.452168640291 8353.558130378577 8977.955390089292 8696.885144177566 8179.5519181638865 9268.121567330556 9604.892214065509 8660.459826021493 9955.147794606442 8377.63703930331 9961.822116294921 9418.310232527172 9641.890329470458 8841.483173989544 8859.483852048987 8646.868162265067];
