nTasks=50;
nCPUs=10;
rt=[1439.1574386902041 1070.36461849528 1472.0525948826023 1287.8923853320814 1123.9339140036436 1346.8177470619871 1262.4009444816027 1289.260405751104 1367.0738790511714 1107.8098047918056 1277.4228230522274 1289.902527990286 1108.0670116658464 1374.7334959471777 1032.5973109005577 1003.8261428783773 1031.2479772186691 1496.0275491615307 1409.3635192869442 1387.1780536901938 1392.4366048236352 1469.948038926464 1448.873100061468 1054.3723540856506 1401.769995650828 1181.4221937859047 1209.623891993108 1218.635329555506 1411.2628141375094 1483.5841363722764 1475.7310628249504 1384.1530217034635 1493.5446316405682 1332.7575617088862 1482.0485143397343 1413.9464352453103 1417.7369623365137 1429.3659441114373 1029.015362417861 1212.658946367931 1468.3996580050703 1445.5322010175166 1080.0555379549528 1487.536560967255 1166.6332662080008 1326.221904832823 1473.195618135693 1430.5087163614699 1086.3267045245211 1483.6689465194488];
rc=[9294.74692925078 9915.024504823838 8011.480839909026 8570.030500743798 9356.69575742184 9996.837305839563 9386.335918949135 8075.012133472205 9463.143302841227 9820.821133972779];
