nTasks=20;
nCPUs=5;
rt=[1791.4761706148006 4249.879167284924 2991.870488326217 2701.7656395433646 950.0288986280625 3576.7025462917177 3255.219937169743 4251.842477542406 1445.4220333740652 1521.5588108526188 4731.4079629026555 1561.1689871479978 3385.9637762203643 4266.8359592747165 1782.1260750785104 2810.145621937011 2087.776366320395 622.3765908312331 819.828505739551 2758.302022719991];
rc=[20000.0 20000.0 20000.0 20000.0 20000.0];
